4 0.314844 0.948611 0.117188 0.102778
4 0.127344 0.749306 0.104688 0.112500
4 0.259766 0.716667 0.092969 0.094444
4 0.358594 0.721528 0.068750 0.104167
15 0.262500 0.531944 0.139063 0.208333
4 0.323047 0.610417 0.050781 0.065278
4 0.406250 0.621528 0.051562 0.076389
4 0.614844 0.654167 0.062500 0.136111
4 0.691797 0.632639 0.055469 0.076389
4 0.798438 0.672917 0.078125 0.095833
4 0.546484 0.465972 0.025781 0.031944
16 0.606641 0.456250 0.041406 0.093056
4 0.645703 0.479861 0.030469 0.037500
4 0.559766 0.409028 0.019531 0.026389
4 0.528906 0.387500 0.017188 0.013889
4 0.357422 0.459722 0.032031 0.055556
4 0.378516 0.520139 0.030469 0.045833
4 0.417187 0.559722 0.043750 0.055556
4 0.425391 0.431944 0.019531 0.025000
4 0.388672 0.490972 0.025781 0.043056
4 0.392578 0.425000 0.017969 0.030556
4 0.413281 0.401389 0.017188 0.022222
4 0.437109 0.402778 0.011719 0.019444
4 0.432031 0.378472 0.010937 0.018056
4 0.457031 0.379167 0.014063 0.013889
4 0.573438 0.390972 0.010937 0.018056
4 0.558203 0.372917 0.010156 0.012500
4 0.432812 0.515278 0.026562 0.038889
4 0.443750 0.497222 0.023438 0.036111
