15 0.142187 0.672222 0.273438 0.366667
4 0.210938 0.825694 0.115625 0.137500
4 0.295312 0.950694 0.129688 0.098611
4 0.348047 0.827083 0.094531 0.109722
4 0.371094 0.691667 0.079687 0.097222
4 0.333203 0.584722 0.052344 0.066667
4 0.301563 0.534028 0.037500 0.045833
4 0.380078 0.516667 0.032031 0.047222
4 0.430859 0.537500 0.035156 0.055556
4 0.609375 0.490278 0.034375 0.063889
4 0.650391 0.460417 0.046094 0.087500
4 0.578906 0.405556 0.017188 0.019444
4 0.528906 0.388889 0.017188 0.022222
4 0.564453 0.381944 0.019531 0.019444
4 0.363281 0.461111 0.020313 0.036111
4 0.406641 0.466667 0.025781 0.033333
4 0.446094 0.471528 0.023438 0.040278
4 0.459766 0.440972 0.016406 0.023611
4 0.389453 0.428472 0.019531 0.018056
4 0.415625 0.401389 0.015625 0.025000
4 0.436328 0.412500 0.022656 0.027778
4 0.460938 0.411806 0.017188 0.023611
4 0.451172 0.390278 0.013281 0.013889
4 0.445312 0.371528 0.007812 0.012500
4 0.463281 0.372222 0.010937 0.016667
15 0.467969 0.343750 0.010937 0.020833
4 0.472266 0.400000 0.011719 0.019444
4 0.478125 0.383333 0.010937 0.016667
