15 0.779297 0.576389 0.171094 0.311111
4 0.610547 0.655556 0.055469 0.088889
4 0.561719 0.516667 0.034375 0.050000
4 0.600781 0.478472 0.025000 0.054167
4 0.628906 0.463194 0.025000 0.026389
4 0.603516 0.426389 0.019531 0.033333
4 0.192188 0.854167 0.118750 0.155556
4 0.142969 0.719444 0.092188 0.100000
4 0.378125 0.716667 0.067187 0.080556
4 0.327344 0.504167 0.042188 0.036111
4 0.348828 0.550694 0.041406 0.062500
4 0.414062 0.563889 0.051562 0.066667
4 0.452344 0.444444 0.021875 0.030556
4 0.407031 0.451389 0.023438 0.022222
4 0.532422 0.406250 0.016406 0.020833
4 0.583594 0.406944 0.015625 0.022222
4 0.551562 0.397222 0.012500 0.016667
4 0.544141 0.375000 0.011719 0.013889
4 0.521094 0.372222 0.010937 0.013889
4 0.534766 0.356250 0.008594 0.012500
4 0.416406 0.430556 0.015625 0.025000
4 0.414844 0.400000 0.014063 0.016667
4 0.431641 0.385417 0.013281 0.018056
4 0.436719 0.411806 0.012500 0.018056
4 0.469922 0.404861 0.014844 0.018056
4 0.450781 0.385417 0.010937 0.015278
4 0.476172 0.384028 0.010156 0.009722
4 0.452344 0.362500 0.007812 0.011111
4 0.469531 0.366667 0.007812 0.013889
