4 0.593359 0.580556 0.046094 0.072222
4 0.810547 0.688194 0.089844 0.093056
4 0.522266 0.383333 0.014844 0.027778
4 0.540625 0.415972 0.023438 0.026389
4 0.544531 0.449306 0.023438 0.037500
4 0.601562 0.479167 0.026562 0.036111
4 0.564844 0.416667 0.017188 0.027778
4 0.607031 0.434028 0.020313 0.031944
4 0.641016 0.465278 0.025781 0.038889
4 0.176563 0.889583 0.131250 0.168056
4 0.326953 0.600694 0.046094 0.056944
4 0.317969 0.509722 0.039062 0.036111
4 0.420703 0.535417 0.042969 0.043056
4 0.357812 0.465278 0.032813 0.033333
4 0.391406 0.494444 0.029687 0.041667
4 0.391797 0.424306 0.016406 0.026389
4 0.413281 0.454167 0.020313 0.027778
4 0.444141 0.457639 0.021094 0.031944
4 0.539844 0.370833 0.007812 0.013889
4 0.459766 0.430556 0.017969 0.027778
4 0.425000 0.425000 0.015625 0.019444
4 0.401562 0.411806 0.015625 0.020833
4 0.418359 0.399306 0.013281 0.020833
4 0.438281 0.407639 0.015625 0.015278
4 0.468359 0.404861 0.013281 0.015278
4 0.472266 0.390278 0.013281 0.016667
4 0.455859 0.380556 0.010156 0.013889
