15 0.076953 0.712500 0.152344 0.311111
15 0.293359 0.588889 0.150781 0.283333
4 0.420312 0.531944 0.029687 0.050000
4 0.369141 0.455556 0.019531 0.038889
4 0.393359 0.475694 0.028906 0.029167
4 0.596484 0.587500 0.044531 0.072222
4 0.952344 0.854861 0.092188 0.179167
4 0.451953 0.463889 0.019531 0.038889
4 0.400391 0.415972 0.016406 0.020833
4 0.438672 0.411111 0.013281 0.027778
4 0.584375 0.452083 0.021875 0.034722
4 0.596875 0.418750 0.014063 0.018056
4 0.618750 0.440278 0.025000 0.052778
4 0.534766 0.429167 0.016406 0.022222
4 0.469141 0.402778 0.017969 0.016667
4 0.451562 0.393056 0.015625 0.022222
4 0.449219 0.365972 0.007812 0.009722
4 0.473828 0.381944 0.010156 0.016667
4 0.529297 0.397222 0.014844 0.016667
4 0.573438 0.393056 0.010937 0.022222
4 0.565234 0.375694 0.010156 0.023611
4 0.542578 0.377778 0.010156 0.011111
4 0.522266 0.372222 0.010156 0.013889
