4 0.392578 0.652778 0.060156 0.100000
4 0.711719 0.911806 0.129688 0.173611
4 0.204687 0.811111 0.120313 0.119444
4 0.228125 0.609028 0.064062 0.070833
4 0.294922 0.642361 0.066406 0.073611
4 0.317969 0.914583 0.123438 0.159722
4 0.366406 0.530556 0.034375 0.041667
4 0.626172 0.523611 0.033594 0.052778
4 0.603516 0.436111 0.019531 0.025000
4 0.537109 0.423611 0.014844 0.027778
4 0.578516 0.399306 0.014844 0.029167
4 0.401953 0.467361 0.019531 0.043056
4 0.445312 0.466667 0.025000 0.033333
4 0.459375 0.422222 0.020313 0.030556
4 0.423828 0.431250 0.016406 0.023611
4 0.379688 0.444444 0.020313 0.022222
4 0.394531 0.422222 0.012500 0.027778
4 0.419141 0.397917 0.011719 0.015278
4 0.470313 0.401389 0.017188 0.019444
4 0.537109 0.365972 0.011719 0.018056
4 0.559766 0.372917 0.013281 0.012500
4 0.521484 0.370139 0.010156 0.012500
