4 0.092578 0.770833 0.117969 0.111111
4 0.160156 0.888194 0.139063 0.165278
4 0.341016 0.780556 0.100781 0.136111
4 0.343359 0.562500 0.053906 0.080556
15 0.334766 0.455556 0.077344 0.141667
4 0.591016 0.606250 0.044531 0.068056
4 0.626953 0.511806 0.049219 0.090278
4 0.683594 0.518750 0.037500 0.045833
4 0.556250 0.400000 0.026562 0.016667
4 0.576562 0.391667 0.017188 0.019444
4 0.462109 0.418750 0.014844 0.015278
4 0.423438 0.425000 0.015625 0.044444
4 0.398438 0.415278 0.018750 0.022222
4 0.376563 0.435417 0.023438 0.034722
4 0.476172 0.384028 0.013281 0.015278
4 0.439063 0.409722 0.014063 0.019444
4 0.451172 0.388889 0.010156 0.022222
4 0.426563 0.391667 0.009375 0.011111
4 0.434766 0.380556 0.013281 0.013889
