15 0.224219 0.565278 0.162500 0.225000
4 0.049609 0.878472 0.097656 0.148611
4 0.194141 0.823611 0.116406 0.133333
4 0.339453 0.863889 0.107031 0.150000
4 0.375781 0.623611 0.065625 0.063889
4 0.417578 0.573611 0.038281 0.069444
4 0.354297 0.545139 0.044531 0.051389
4 0.347656 0.468750 0.040625 0.031944
4 0.382422 0.503472 0.032031 0.034722
4 0.441016 0.502083 0.041406 0.065278
4 0.575781 0.547222 0.042188 0.055556
4 0.642188 0.475000 0.029687 0.041667
4 0.597656 0.474306 0.026562 0.043056
4 0.542578 0.432639 0.024219 0.040278
4 0.526172 0.382639 0.014844 0.015278
4 0.553906 0.395139 0.015625 0.023611
4 0.582422 0.404861 0.014844 0.018056
4 0.413281 0.454861 0.025000 0.026389
4 0.426172 0.429861 0.014844 0.023611
4 0.532813 0.358333 0.007812 0.013889
4 0.455859 0.430556 0.021094 0.022222
4 0.409375 0.408333 0.018750 0.016667
4 0.470313 0.395833 0.015625 0.016667
4 0.436328 0.378472 0.010156 0.012500
