15 0.903906 0.702778 0.187500 0.341667
4 0.874609 0.941667 0.124219 0.116667
4 0.137500 0.929861 0.131250 0.140278
4 0.342969 0.794444 0.098437 0.125000
4 0.248047 0.592361 0.069531 0.090278
4 0.375000 0.448611 0.021875 0.027778
4 0.376953 0.499306 0.035156 0.059722
4 0.432422 0.515278 0.019531 0.047222
4 0.407422 0.459028 0.027344 0.031944
4 0.432422 0.410417 0.010156 0.015278
4 0.447656 0.391667 0.010937 0.016667
4 0.594922 0.595833 0.050781 0.077778
4 0.665234 0.504167 0.035156 0.041667
4 0.569531 0.415278 0.020313 0.025000
15 0.570703 0.377083 0.025781 0.045833
4 0.532813 0.414583 0.018750 0.029167
4 0.475781 0.380556 0.012500 0.022222
4 0.544531 0.382639 0.014063 0.015278
4 0.527734 0.390278 0.011719 0.019444
4 0.457031 0.379861 0.010937 0.009722
4 0.441406 0.375000 0.009375 0.011111
4 0.471484 0.361111 0.007031 0.008333
