15 0.283203 0.563889 0.166406 0.236111
4 0.395313 0.661111 0.065625 0.083333
4 0.376563 0.522222 0.023438 0.038889
15 0.644531 0.529167 0.062500 0.127778
4 0.807813 0.859722 0.126562 0.208333
4 0.610156 0.436111 0.023438 0.036111
4 0.589844 0.414583 0.015625 0.026389
4 0.435937 0.488889 0.021875 0.050000
4 0.421875 0.395139 0.012500 0.015278
4 0.432031 0.414583 0.025000 0.029167
4 0.450781 0.389583 0.012500 0.020833
4 0.456641 0.441667 0.017969 0.022222
4 0.461719 0.413889 0.017188 0.030556
4 0.470703 0.392361 0.013281 0.023611
4 0.533984 0.395833 0.014844 0.025000
4 0.549219 0.390278 0.014063 0.019444
4 0.562891 0.378472 0.010156 0.018056
4 0.553516 0.367361 0.008594 0.009722
4 0.522266 0.386111 0.013281 0.016667
4 0.442578 0.373611 0.005469 0.013889
4 0.449219 0.368750 0.010937 0.009722
4 0.488281 0.363194 0.010937 0.009722
4 0.458594 0.359028 0.007812 0.006944
4 0.466016 0.353472 0.008594 0.009722
