15 0.251172 0.525000 0.125781 0.219444
15 0.329297 0.545833 0.086719 0.175000
4 0.271875 0.943056 0.112500 0.113889
4 0.423438 0.564583 0.037500 0.056944
4 0.396875 0.454861 0.026562 0.040278
17 0.419922 0.469444 0.014844 0.050000
4 0.446875 0.454861 0.021875 0.029167
4 0.423047 0.422917 0.019531 0.023611
4 0.568359 0.534722 0.028906 0.061111
4 0.741406 0.952778 0.117188 0.094444
4 0.687500 0.634722 0.062500 0.122222
15 0.646484 0.452083 0.069531 0.123611
4 0.471484 0.395833 0.014844 0.013889
4 0.449219 0.390278 0.012500 0.016667
4 0.480859 0.372917 0.011719 0.009722
4 0.547266 0.384028 0.011719 0.018056
4 0.559375 0.372222 0.009375 0.011111
4 0.570312 0.389583 0.012500 0.015278
