4 0.080469 0.801389 0.115625 0.141667
4 0.202734 0.819444 0.107031 0.127778
4 0.364844 0.520139 0.031250 0.043056
15 0.695312 0.509028 0.085938 0.156944
4 0.544922 0.459722 0.030469 0.050000
4 0.436719 0.490972 0.029687 0.040278
4 0.456641 0.438889 0.019531 0.027778
4 0.421094 0.425694 0.021875 0.020833
4 0.401953 0.412500 0.013281 0.016667
4 0.433984 0.379167 0.011719 0.030556
15 0.587500 0.390278 0.031250 0.063889
4 0.587109 0.462500 0.022656 0.036111
4 0.533984 0.412500 0.017969 0.022222
4 0.550000 0.388194 0.009375 0.020833
4 0.614062 0.443056 0.021875 0.027778
15 0.548828 0.348611 0.010156 0.025000
4 0.466406 0.408333 0.017188 0.016667
4 0.453906 0.382639 0.010937 0.026389
4 0.477344 0.379167 0.009375 0.016667
4 0.466797 0.365972 0.011719 0.009722
4 0.523828 0.369444 0.010156 0.013889
4 0.568750 0.385417 0.010937 0.012500
