4 0.395313 0.635417 0.065625 0.095833
4 0.310937 0.618056 0.057813 0.069444
4 0.630078 0.711111 0.060156 0.102778
4 0.781641 0.802778 0.108594 0.138889
4 0.635938 0.540278 0.034375 0.061111
4 0.700000 0.525694 0.071875 0.098611
4 0.547656 0.443750 0.026562 0.034722
4 0.619922 0.440278 0.024219 0.038889
4 0.596094 0.422222 0.015625 0.022222
4 0.552344 0.390972 0.010937 0.020833
4 0.573828 0.390972 0.011719 0.020833
16 0.125391 0.635417 0.224219 0.259722
4 0.429297 0.523611 0.035156 0.038889
4 0.387109 0.486806 0.032031 0.034722
4 0.359375 0.457639 0.023438 0.034722
15 0.439453 0.387500 0.033594 0.061111
4 0.442969 0.461111 0.026562 0.033333
4 0.420312 0.443056 0.021875 0.025000
4 0.402734 0.418056 0.014844 0.019444
4 0.458594 0.421528 0.017188 0.020833
4 0.472656 0.404167 0.012500 0.013889
4 0.522656 0.377083 0.009375 0.012500
4 0.540234 0.373611 0.008594 0.011111
4 0.555859 0.371528 0.007031 0.012500
4 0.458594 0.380556 0.010937 0.013889
