4 0.188672 0.854861 0.127344 0.184722
4 0.138672 0.718750 0.083594 0.104167
4 0.395313 0.634722 0.064062 0.088889
4 0.325781 0.487500 0.040625 0.050000
4 0.353516 0.534028 0.036719 0.045833
4 0.433984 0.520139 0.033594 0.048611
4 0.631641 0.750000 0.078906 0.130556
4 0.770703 0.751389 0.091406 0.138889
15 0.674219 0.500000 0.051562 0.097222
4 0.561719 0.497917 0.031250 0.048611
4 0.586328 0.466667 0.030469 0.038889
4 0.423047 0.429167 0.019531 0.022222
15 0.463672 0.348611 0.014844 0.025000
4 0.431250 0.384722 0.010937 0.016667
4 0.450000 0.368056 0.009375 0.011111
4 0.450781 0.386806 0.012500 0.012500
4 0.453906 0.446528 0.021875 0.031944
4 0.466016 0.406944 0.014844 0.016667
4 0.539062 0.427778 0.018750 0.022222
4 0.526563 0.393056 0.014063 0.022222
4 0.557031 0.404861 0.018750 0.031944
4 0.547266 0.371528 0.010156 0.009722
4 0.474219 0.386806 0.009375 0.018056
4 0.481250 0.372222 0.006250 0.013889
