4 0.396875 0.635417 0.048438 0.084722
4 0.331250 0.503472 0.032813 0.051389
4 0.130859 0.730556 0.092969 0.086111
4 0.166406 0.875000 0.134375 0.161111
4 0.310156 0.927778 0.112500 0.144444
4 0.362109 0.546528 0.039844 0.043056
4 0.443750 0.492361 0.028125 0.045833
15 0.414062 0.420833 0.042188 0.088889
4 0.457813 0.443056 0.020313 0.027778
4 0.443359 0.402083 0.011719 0.015278
4 0.530078 0.396528 0.013281 0.020833
4 0.545703 0.381250 0.010156 0.018056
4 0.552344 0.400000 0.014063 0.013889
4 0.569531 0.383333 0.018750 0.030556
4 0.588281 0.602778 0.048438 0.077778
4 0.894141 0.949306 0.114844 0.098611
4 0.573828 0.440972 0.019531 0.026389
4 0.604688 0.422917 0.025000 0.026389
4 0.590234 0.481250 0.022656 0.040278
4 0.618750 0.451389 0.018750 0.033333
4 0.686328 0.629861 0.060156 0.090278
4 0.769922 0.622222 0.078906 0.094444
4 0.474219 0.387500 0.012500 0.016667
4 0.526563 0.379167 0.012500 0.016667
4 0.460547 0.374306 0.010156 0.012500
4 0.450781 0.388194 0.014063 0.018056
